0.00636433
0.00636433
0.00636433
0.00636433
0.00840277
0.00840277
0.00840277
0.00840277
0.00679456
0.00679456
0.00679456
0.00679456
0.00613566
0.00613566
0.00613566
0.00613566
0.00448022
0.00448022
0.00448022
0.00448022
0.00634812
0.00634812
0.00634812
0.00634812
0.0126099
0.0126099
0.0126099
0.0126099
0.00436198
0.00436198
0.00436198
0.00436198
0.0150279
0.0150279
0.0150279
0.0150279
0.18472
0.18472
0.18472
0.18472
0.386369
0.386369
0.386369
0.386369
0.0275987
0.0275987
0.0275987
0.0275987
0.0106603
0.0106603
0.0106603
0.0106603
0.00354922
0.00354922
0.00354922
0.00354922
0.0024303
0.0024303
0.0024303
0.0024303
0.00261322
0.00261322
0.00261322
0.00261322
0.0034786
0.0034786
0.0034786
0.0034786
0.0175008
0.0175008
0.0175008
0.0175008
0.0172034
0.0172034
0.0172034
0.0172034
0.00623684
0.00623684
0.00623684
0.00623684
0.00353594
0.00353594
0.00353594
0.00353594
0.0044994
0.0044994
0.0044994
0.0044994
0.00482
0.00482
0.00482
0.00482
0.00224174
0.00224174
0.00224174
0.00224174
0.00239572
0.00239572
0.00239572
0.00239572
0.00234795
0.00234795
0.00234795
0.00234795
0.00429043
0.00429043
0.00429043
0.00429043
0.0038871
0.0038871
0.0038871
0.0038871
0.00142631
0.00142631
0.00142631
0.00142631
0.0022565
0.0022565
0.0022565
0.0022565
0.0029668
0.0029668
0.0029668
0.0029668
0.00365008
0.00365008
0.00365008
0.00365008
0.00153787
0.00153787
0.00153787
0.00153787
0.00290144
0.00290144
0.00290144
0.00290144
0.0042118
0.0042118
0.0042118
0.0042118
0.00591792
0.00591792
0.00591792
0.00591792
0.00483704
0.00483704
0.00483704
0.00483704
0.00810857
0.00810857
0.00810857
0.00810857
0.00405374
0.00405374
0.00405374
0.00405374
0.00196496
0.00196496
0.00196496
0.00196496
0.00133098
0.00133098
0.00133098
0.00133098
0.00312117
0.00312117
0.00312117
0.00312117
0.0160976
0.0160976
0.0160976
0.0160976
0.0104306
0.0104306
0.0104306
0.0104306
0.00233187
0.00233187
0.00233187
0.00233187
0.00272177
0.00272177
0.00272177
0.00272177
0.00488974
0.00488974
0.00488974
0.00488974
0.0045878
0.0045878
0.0045878
0.0045878
0.00142078
0.00142078
0.00142078
0.00142078
0.00173227
0.00173227
0.00173227
0.00173227
0.00558025
0.00558025
0.00558025
0.00558025
0.0139984
0.0139984
0.0139984
0.0139984
0.0207863
0.0207863
0.0207863
0.0207863
0.0692372
0.0692372
0.0692372
0.0692372
0.0757532
0.0757532
0.0757532
0.0757532
0.0315991
0.0315991
0.0315991
0.0315991
0.00910638
0.00910638
0.00910638
0.00910638
0.0072967
0.0072967
0.0072967
0.0072967
0.00248438
0.00248438
0.00248438
0.00248438
0.00297208
0.00297208
0.00297208
0.00297208
0.00694659
0.00694659
0.00694659
0.00694659
0.00144026
0.00144026
0.00144026
0.00144026
0.00209626
0.00209626
0.00209626
0.00209626
0.00486486
0.00486486
0.00486486
0.00486486
0.00495184
0.00495184
0.00495184
0.00495184
0.00339324
0.00339324
0.00339324
0.00339324
0.0346347
0.0346347
0.0346347
0.0346347
0.347763
0.347763
0.347763
0.347763
0.0314085
0.0314085
0.0314085
0.0314085
0.147293
0.147293
0.147293
0.147293
1.057
1.057
1.057
1.057
0.0492224
0.0492224
0.0492224
0.0492224
0.0116751
0.0116751
0.0116751
0.0116751
0.00357325
0.00357325
0.00357325
0.00357325
0.00331749
0.00331749
0.00331749
0.00331749
0.0101504
0.0101504
0.0101504
0.0101504
0.0052558
0.0052558
0.0052558
0.0052558
0.00173863
0.00173863
0.00173863
0.00173863
0.0020003
0.0020003
0.0020003
0.0020003
0.00807348
0.00807348
0.00807348
0.00807348
0.00383029
0.00383029
0.00383029
0.00383029
0.00366355
0.00366355
0.00366355
0.00366355
0.00720842
0.00720842
0.00720842
0.00720842
0.0489911
0.0489911
0.0489911
0.0489911
0.461802
0.461802
0.461802
0.461802
0.00808603
0.00808603
0.00808603
0.00808603
0.0106888
0.0106888
0.0106888
0.0106888
0.00643992
0.00643992
0.00643992
0.00643992
0.00384251
0.00384251
0.00384251
0.00384251
0.00481087
0.00481087
0.00481087
0.00481087
0.0135726
0.0135726
0.0135726
0.0135726
0.0377898
0.0377898
0.0377898
0.0377898
0.0107316
0.0107316
0.0107316
0.0107316
0.0457307
0.0457307
0.0457307
0.0457307
0.441986
0.441986
0.441986
0.441986
0.842383
0.842383
0.842383
0.842383
0.0567843
0.0567843
0.0567843
0.0567843
0.0258634
0.0258634
0.0258634
0.0258634
0.00898115
0.00898115
0.00898115
0.00898115
0.00569253
0.00569253
0.00569253
0.00569253
0.00931456
0.00931456
0.00931456
0.00931456
0.00558879
0.00558879
0.00558879
0.00558879
0.0138453
0.0138453
0.0138453
0.0138453
0.0236095
0.0236095
0.0236095
0.0236095
0.00746523
0.00746523
0.00746523
0.00746523
0.00602672
0.00602672
0.00602672
0.00602672
0.00718973
0.00718973
0.00718973
0.00718973
0.00653121
0.00653121
0.00653121
0.00653121
0.00741367
0.00741367
0.00741367
0.00741367
0.00252708
0.00252708
0.00252708
0.00252708
0.00290635
0.00290635
0.00290635
0.00290635
0.00531459
0.00531459
0.00531459
0.00531459
0.00465812
0.00465812
0.00465812
0.00465812
0.00294589
0.00294589
0.00294589
0.00294589
0.00808423
0.00808423
0.00808423
0.00808423
0.00723947
0.00723947
0.00723947
0.00723947
0.00416792
0.00416792
0.00416792
0.00416792
0.00722186
0.00722186
0.00722186
0.00722186
0.00513272
0.00513272
0.00513272
0.00513272
0.0119064
0.0119064
0.0119064
0.0119064
0.00731566
0.00731566
0.00731566
0.00731566
0.00570808
0.00570808
0.00570808
0.00570808
0.00869116
0.00869116
0.00869116
0.00869116
0.0133137
0.0133137
0.0133137
0.0133137
0.00788871
0.00788871
0.00788871
0.00788871
0.00508764
0.00508764
0.00508764
0.00508764
0.00370675
0.00370675
0.00370675
0.00370675
0.00969545
0.00969545
0.00969545
0.00969545
0.00435254
0.00435254
0.00435254
0.00435254
0.00535269
0.00535269
0.00535269
0.00535269
0.00702198
0.00702198
0.00702198
0.00702198
0.00561417
0.00561417
0.00561417
0.00561417
0.00390469
0.00390469
0.00390469
0.00390469
0.00554705
0.00554705
0.00554705
0.00554705
0.00408874
0.00408874
0.00408874
0.00408874
0.00544037
0.00544037
0.00544037
0.00544037
0.0142857
0.0142857
0.0142857
0.0142857
0.0213249
0.0213249
0.0213249
0.0213249
0.0726202
0.0726202
0.0726202
0.0726202
0.28811
0.28811
0.28811
0.28811
0.12642
0.12642
0.12642
0.12642
0.039811
0.039811
0.039811
0.039811
0.0127678
0.0127678
0.0127678
0.0127678
0.00521296
0.00521296
0.00521296
0.00521296
0.010769
0.010769
0.010769
0.010769
0.0117626
0.0117626
0.0117626
0.0117626
0.00515398
0.00515398
0.00515398
0.00515398
0.00306609
0.00306609
0.00306609
0.00306609
0.00489647
0.00489647
0.00489647
0.00489647
0.00437427
0.00437427
0.00437427
0.00437427
0.0041768
0.0041768
0.0041768
0.0041768
0.0119642
0.0119642
0.0119642
0.0119642
1.14531
1.14531
1.14531
1.14531
0.341924
0.341924
0.341924
0.341924
0.0732188
0.0732188
0.0732188
0.0732188
3.21399
3.21399
3.21399
3.21399
0.960899
0.960899
0.960899
0.960899
0.0323987
0.0323987
0.0323987
0.0323987
0.00647429
0.00647429
0.00647429
0.00647429
0.00356101
0.00356101
0.00356101
0.00356101
0.00504702
0.00504702
0.00504702
0.00504702
0.00637117
0.00637117
0.00637117
0.00637117
0.00398778
0.00398778
0.00398778
0.00398778
0.00382414
0.00382414
0.00382414
0.00382414
0.00379784
0.00379784
0.00379784
0.00379784
0.00600614
0.00600614
0.00600614
0.00600614
0.00603223
0.00603223
0.00603223
0.00603223
0.0387013
0.0387013
0.0387013
0.0387013
1.79539
1.79539
1.79539
1.79539
2.14941
2.14941
2.14941
2.14941
0.00274673
0.00274673
0.00274673
0.00274673
0.00386568
0.00386568
0.00386568
0.00386568
0.00452033
0.00452033
0.00452033
0.00452033
0.00360986
0.00360986
0.00360986
0.00360986
0.00721634
0.00721634
0.00721634
0.00721634
0.0441168
0.0441168
0.0441168
0.0441168
0.0111768
0.0111768
0.0111768
0.0111768
0.00851637
0.00851637
0.00851637
0.00851637
0.0416441
0.0416441
0.0416441
0.0416441
0.516956
0.516956
0.516956
0.516956
0.794997
0.794997
0.794997
0.794997
0.05372
0.05372
0.05372
0.05372
0.036902
0.036902
0.036902
0.036902
0.00952284
0.00952284
0.00952284
0.00952284
0.00758678
0.00758678
0.00758678
0.00758678
0.00723177
0.00723177
0.00723177
0.00723177
0.00703015
0.00703015
0.00703015
0.00703015
0.0223748
0.0223748
0.0223748
0.0223748
0.0131854
0.0131854
0.0131854
0.0131854
0.0161813
0.0161813
0.0161813
0.0161813
0.00967778
0.00967778
0.00967778
0.00967778
0.0052559
0.0052559
0.0052559
0.0052559
0.00339134
0.00339134
0.00339134
0.00339134
0.00386226
0.00386226
0.00386226
0.00386226
0.00462189
0.00462189
0.00462189
0.00462189
0.00290926
0.00290926
0.00290926
0.00290926
0.00336534
0.00336534
0.00336534
0.00336534
0.00488453
0.00488453
0.00488453
0.00488453
0.00624683
0.00624683
0.00624683
0.00624683
0.00837995
0.00837995
0.00837995
0.00837995
0.00732421
0.00732421
0.00732421
0.00732421
0.00597881
0.00597881
0.00597881
0.00597881
0.00708588
0.00708588
0.00708588
0.00708588
0.00389268
0.00389268
0.00389268
0.00389268
0.00294132
0.00294132
0.00294132
0.00294132
0.00351604
0.00351604
0.00351604
0.00351604
0.00553529
0.00553529
0.00553529
0.00553529
0.00526258
0.00526258
0.00526258
0.00526258
0.00665495
0.00665495
0.00665495
0.00665495
0.0053317
0.0053317
0.0053317
0.0053317
0.00563249
0.00563249
0.00563249
0.00563249
0.00492794
0.00492794
0.00492794
0.00492794
0.00275634
0.00275634
0.00275634
0.00275634
0.00349026
0.00349026
0.00349026
0.00349026
0.00589603
0.00589603
0.00589603
0.00589603
0.00356224
0.00356224
0.00356224
0.00356224
0.00489319
0.00489319
0.00489319
0.00489319
0.00455303
0.00455303
0.00455303
0.00455303
0.00518207
0.00518207
0.00518207
0.00518207
0.00453835
0.00453835
0.00453835
0.00453835
0.0115795
0.0115795
0.0115795
0.0115795
0.0136875
0.0136875
0.0136875
0.0136875
0.0173016
0.0173016
0.0173016
0.0173016
0.0130439
0.0130439
0.0130439
0.0130439
0.303486
0.303486
0.303486
0.303486
0.233486
0.233486
0.233486
0.233486
0.0596421
0.0596421
0.0596421
0.0596421
0.00903935
0.00903935
0.00903935
0.00903935
0.00973844
0.00973844
0.00973844
0.00973844
0.00624206
0.00624206
0.00624206
0.00624206
0.00766314
0.00766314
0.00766314
0.00766314
0.00749958
0.00749958
0.00749958
0.00749958
0.00668364
0.00668364
0.00668364
0.00668364
0.00544978
0.00544978
0.00544978
0.00544978
0.00814288
0.00814288
0.00814288
0.00814288
0.00620631
0.00620631
0.00620631
0.00620631
0.0042698
0.0042698
0.0042698
0.0042698
0.167239
0.167239
0.167239
0.167239
1.25622
1.25622
1.25622
1.25622
0.0895719
0.0895719
0.0895719
0.0895719
0.566625
0.566625
0.566625
0.566625
4.54587
4.54587
4.54587
4.54587
0.120574
0.120574
0.120574
0.120574
0.0246228
0.0246228
0.0246228
0.0246228
0.00541096
0.00541096
0.00541096
0.00541096
0.00510057
0.00510057
0.00510057
0.00510057
0.00599682
0.00599682
0.00599682
0.00599682
0.00369927
0.00369927
0.00369927
0.00369927
0.00580697
0.00580697
0.00580697
0.00580697
0.00582676
0.00582676
0.00582676
0.00582676
0.0165975
0.0165975
0.0165975
0.0165975
0.107143
0.107143
0.107143
0.107143
3.16389
3.16389
3.16389
3.16389
2.13463
2.13463
2.13463
2.13463
0.032188
0.032188
0.032188
0.032188
0.00290342
0.00290342
0.00290342
0.00290342
0.00547229
0.00547229
0.00547229
0.00547229
0.00410522
0.00410522
0.00410522
0.00410522
0.00335213
0.00335213
0.00335213
0.00335213
0.0130773
0.0130773
0.0130773
0.0130773
0.0238812
0.0238812
0.0238812
0.0238812
0.00469905
0.00469905
0.00469905
0.00469905
0.00706582
0.00706582
0.00706582
0.00706582
0.0395106
0.0395106
0.0395106
0.0395106
0.30834
0.30834
0.30834
0.30834
0.742039
0.742039
0.742039
0.742039
0.0723585
0.0723585
0.0723585
0.0723585
0.0466057
0.0466057
0.0466057
0.0466057
0.0145096
0.0145096
0.0145096
0.0145096
0.00836622
0.00836622
0.00836622
0.00836622
0.00535517
0.00535517
0.00535517
0.00535517
0.00906138
0.00906138
0.00906138
0.00906138
0.0173779
0.0173779
0.0173779
0.0173779
0.0116672
0.0116672
0.0116672
0.0116672
0.00587532
0.00587532
0.00587532
0.00587532
0.00653592
0.00653592
0.00653592
0.00653592
0.00451058
0.00451058
0.00451058
0.00451058
0.00301399
0.00301399
0.00301399
0.00301399
0.00583768
0.00583768
0.00583768
0.00583768
0.00547026
0.00547026
0.00547026
0.00547026
0.00388936
0.00388936
0.00388936
0.00388936
0.00377617
0.00377617
0.00377617
0.00377617
0.0053035
0.0053035
0.0053035
0.0053035
0.00387402
0.00387402
0.00387402
0.00387402
0.00584703
0.00584703
0.00584703
0.00584703
0.00443439
0.00443439
0.00443439
0.00443439
0.00346285
0.00346285
0.00346285
0.00346285
0.00759117
0.00759117
0.00759117
0.00759117
0.00972327
0.00972327
0.00972327
0.00972327
0.0120844
0.0120844
0.0120844
0.0120844
0.0117198
0.0117198
0.0117198
0.0117198
0.0150708
0.0150708
0.0150708
0.0150708
0.00980138
0.00980138
0.00980138
0.00980138
0.00585571
0.00585571
0.00585571
0.00585571
0.00704588
0.00704588
0.00704588
0.00704588
0.0124467
0.0124467
0.0124467
0.0124467
0.0132583
0.0132583
0.0132583
0.0132583
0.00356454
0.00356454
0.00356454
0.00356454
0.00596928
0.00596928
0.00596928
0.00596928
0.00965655
0.00965655
0.00965655
0.00965655
0.00506824
0.00506824
0.00506824
0.00506824
0.00661534
0.00661534
0.00661534
0.00661534
0.00614898
0.00614898
0.00614898
0.00614898
0.0053314
0.0053314
0.0053314
0.0053314
0.00757459
0.00757459
0.00757459
0.00757459
0.0126463
0.0126463
0.0126463
0.0126463
0.0174008
0.0174008
0.0174008
0.0174008
0.0338358
0.0338358
0.0338358
0.0338358
0.0196624
0.0196624
0.0196624
0.0196624
0.0496073
0.0496073
0.0496073
0.0496073
0.305539
0.305539
0.305539
0.305539
0.0845482
0.0845482
0.0845482
0.0845482
0.0111163
0.0111163
0.0111163
0.0111163
0.00983957
0.00983957
0.00983957
0.00983957
0.00903778
0.00903778
0.00903778
0.00903778
0.00614154
0.00614154
0.00614154
0.00614154
0.00952239
0.00952239
0.00952239
0.00952239
0.00747331
0.00747331
0.00747331
0.00747331
0.00536568
0.00536568
0.00536568
0.00536568
0.0056002
0.0056002
0.0056002
0.0056002
0.00263965
0.00263965
0.00263965
0.00263965
0.00321111
0.00321111
0.00321111
0.00321111
0.00862439
0.00862439
0.00862439
0.00862439
1.13105
1.13105
1.13105
1.13105
0.665391
0.665391
0.665391
0.665391
0.0496763
0.0496763
0.0496763
0.0496763
2.85675
2.85675
2.85675
2.85675
1.82634
1.82634
1.82634
1.82634
0.0230732
0.0230732
0.0230732
0.0230732
0.00874027
0.00874027
0.00874027
0.00874027
0.0075741
0.0075741
0.0075741
0.0075741
0.00476073
0.00476073
0.00476073
0.00476073
0.00511839
0.00511839
0.00511839
0.00511839
0.0112658
0.0112658
0.0112658
0.0112658
0.0132026
0.0132026
0.0132026
0.0132026
0.0778294
0.0778294
0.0778294
0.0778294
3.87662
3.87662
3.87662
3.87662
2.39926
2.39926
2.39926
2.39926
0.0439156
0.0439156
0.0439156
0.0439156
0.0131193
0.0131193
0.0131193
0.0131193
0.00352173
0.00352173
0.00352173
0.00352173
0.00656822
0.00656822
0.00656822
0.00656822
0.00472946
0.00472946
0.00472946
0.00472946
0.00531087
0.00531087
0.00531087
0.00531087
0.0347341
0.0347341
0.0347341
0.0347341
0.00777055
0.00777055
0.00777055
0.00777055
0.00945775
0.00945775
0.00945775
0.00945775
0.00714474
0.00714474
0.00714474
0.00714474
0.0229024
0.0229024
0.0229024
0.0229024
0.427993
0.427993
0.427993
0.427993
0.938973
0.938973
0.938973
0.938973
0.0592295
0.0592295
0.0592295
0.0592295
0.0387895
0.0387895
0.0387895
0.0387895
0.00738841
0.00738841
0.00738841
0.00738841
0.00755531
0.00755531
0.00755531
0.00755531
0.0064205
0.0064205
0.0064205
0.0064205
0.00561768
0.00561768
0.00561768
0.00561768
0.00764487
0.00764487
0.00764487
0.00764487
0.0175719
0.0175719
0.0175719
0.0175719
0.00819057
0.00819057
0.00819057
0.00819057
0.00836195
0.00836195
0.00836195
0.00836195
0.00671027
0.00671027
0.00671027
0.00671027
0.00350751
0.00350751
0.00350751
0.00350751
0.00362768
0.00362768
0.00362768
0.00362768
0.00425651
0.00425651
0.00425651
0.00425651
0.00661891
0.00661891
0.00661891
0.00661891
0.00628964
0.00628964
0.00628964
0.00628964
0.00926084
0.00926084
0.00926084
0.00926084
0.00643801
0.00643801
0.00643801
0.00643801
0.00537903
0.00537903
0.00537903
0.00537903
0.00705763
0.00705763
0.00705763
0.00705763
0.0168824
0.0168824
0.0168824
0.0168824
0.013937
0.013937
0.013937
0.013937
0.0131038
0.0131038
0.0131038
0.0131038
0.0107147
0.0107147
0.0107147
0.0107147
0.0111674
0.0111674
0.0111674
0.0111674
0.010187
0.010187
0.010187
0.010187
0.00626359
0.00626359
0.00626359
0.00626359
0.00413502
0.00413502
0.00413502
0.00413502
0.00499151
0.00499151
0.00499151
0.00499151
0.00946516
0.00946516
0.00946516
0.00946516
0.00681586
0.00681586
0.00681586
0.00681586
0.00478627
0.00478627
0.00478627
0.00478627
0.00493706
0.00493706
0.00493706
0.00493706
0.00430376
0.00430376
0.00430376
0.00430376
0.00591611
0.00591611
0.00591611
0.00591611
0.00461871
0.00461871
0.00461871
0.00461871
0.00242896
0.00242896
0.00242896
0.00242896
0.00376205
0.00376205
0.00376205
0.00376205
0.0070695
0.0070695
0.0070695
0.0070695
0.00953982
0.00953982
0.00953982
0.00953982
0.0081731
0.0081731
0.0081731
0.0081731
0.0260565
0.0260565
0.0260565
0.0260565
0.0155943
0.0155943
0.0155943
0.0155943
0.0371686
0.0371686
0.0371686
0.0371686
0.193216
0.193216
0.193216
0.193216
0.119051
0.119051
0.119051
0.119051
0.0103451
0.0103451
0.0103451
0.0103451
0.00556138
0.00556138
0.00556138
0.00556138
0.00605503
0.00605503
0.00605503
0.00605503
0.00375259
0.00375259
0.00375259
0.00375259
0.00619984
0.00619984
0.00619984
0.00619984
0.00490027
0.00490027
0.00490027
0.00490027
0.00471977
0.00471977
0.00471977
0.00471977
0.00535214
0.00535214
0.00535214
0.00535214
0.00567918
0.00567918
0.00567918
0.00567918
0.00427916
0.00427916
0.00427916
0.00427916
0.00293205
0.00293205
0.00293205
0.00293205
0.0905649
0.0905649
0.0905649
0.0905649
1.61562
1.61562
1.61562
1.61562
0.127755
0.127755
0.127755
0.127755
0.283397
0.283397
0.283397
0.283397
5.91961
5.91961
5.91961
5.91961
0.327281
0.327281
0.327281
0.327281
0.0203444
0.0203444
0.0203444
0.0203444
0.0117905
0.0117905
0.0117905
0.0117905
0.00282141
0.00282141
0.00282141
0.00282141
0.00690258
0.00690258
0.00690258
0.00690258
0.0126367
0.0126367
0.0126367
0.0126367
0.0829012
0.0829012
0.0829012
0.0829012
3.76485
3.76485
3.76485
3.76485
2.34741
2.34741
2.34741
2.34741
0.033192
0.033192
0.033192
0.033192
0.0255085
0.0255085
0.0255085
0.0255085
0.0323853
0.0323853
0.0323853
0.0323853
0.00262821
0.00262821
0.00262821
0.00262821
0.00467945
0.00467945
0.00467945
0.00467945
0.0098269
0.0098269
0.0098269
0.0098269
0.0167829
0.0167829
0.0167829
0.0167829
0.00937421
0.00937421
0.00937421
0.00937421
0.0083891
0.0083891
0.0083891
0.0083891
0.0282553
0.0282553
0.0282553
0.0282553
0.00778978
0.00778978
0.00778978
0.00778978
0.0223362
0.0223362
0.0223362
0.0223362
0.537844
0.537844
0.537844
0.537844
1.03499
1.03499
1.03499
1.03499
0.0403073
0.0403073
0.0403073
0.0403073
0.0259132
0.0259132
0.0259132
0.0259132
0.00604501
0.00604501
0.00604501
0.00604501
0.00923655
0.00923655
0.00923655
0.00923655
0.00650335
0.00650335
0.00650335
0.00650335
0.00500581
0.00500581
0.00500581
0.00500581
0.0167469
0.0167469
0.0167469
0.0167469
0.0117747
0.0117747
0.0117747
0.0117747
0.00759164
0.00759164
0.00759164
0.00759164
0.00621365
0.00621365
0.00621365
0.00621365
0.00558263
0.00558263
0.00558263
0.00558263
0.00450331
0.00450331
0.00450331
0.00450331
0.00408926
0.00408926
0.00408926
0.00408926
0.00412615
0.00412615
0.00412615
0.00412615
0.00718721
0.00718721
0.00718721
0.00718721
0.00526871
0.00526871
3.78351e-44
0
0
0
0
0
0
0
0
0
0
0
0
0
0
0
0
0
0
0
0
0
0
0
0
0
0
0
0
0
0
0
0
0
0
0
0
0
0
0
0
0
0
0
0
0
0
0
0
0
0
0
0
0
0
0
0
0
0
0
0
0
0
0
0
0
0
0
0
0
0
0
0
0
0
0
0
0
0
0
0
0
0
0
0
0
0
0
0
0
0
0
0
0
0
0
0
0
0
0
0
0
0
0
0
0
0
0
0
0
0
0
0
0
0
0
0
0
0
0
0
0
0
0
0
0
0
0
0
0
0
0
0
0
0
0
0
0
0
0
0
0
0
0
0
0
0
0
0
0
0
0
0
0
0
0
0
0
0
0
0
0
0
0
0
0
0
0
0
0
0
0
0
0
0
0
0
0
0
0
0
0
0
0
0
0
0
0
0
0
0
0
0
0
0
0
0
0
0
0
0
0
0
0
0
0
0
0
0
0
0
0
0
0
0
0
0
0
0
0
0
0
0
0
0
0
0
0
0
0
0
0
0
0
0
0
0
0
0
0
0
0
0
0
0
0
0
0
0
0
0
0
0
0
0
0
0
0
0
0
0
0
0
0
0
0
0
0
0
0
0
0
0
0
0
0
0
0
0
0
0
0
0
0
0
0
0
0
0
0
0
0
0
0
0
0
0
0
0
0
0
0
0
0
0
0
0
0
0
0
0
0
0
0
0
0
0
0
0
0
0
0
0
0
0
0
0
0
0
0
0
0
0
0
0
0
0
0
0
0
0
0
0
0
0
0
0
0
0
0
0
0
0
0
0
0
0
0
0
0
0
0
0
0
0
0
0
0
0
0
0
0
0
0
0
0
0
0
0
0
0
0
0
0
0
0
0
0
0
0
0
0
0
0
0
0
0
0
0
0
0
0
0
0
0
0
0
0
0
0
0
0
0
0
0
0
0
0
0
0
0
0
0
0
0
0
0
0
0
0
0
0
0
0
0
0
0
0
0
0
0
0
0
0
0
0
0
0
0
0
0
0
0
0
0
0
0
0
0
0
0
0
0
0
0
0
0
0
0
0
0
0
0
0
0
0
0
0
0
0
0
0
0
0
0
0
0
0
0
0
0
0
0
0
0
0
0
0
0
0
0
0
0
0
0
0
0
0
0
0
0
0
0
0
0
0
0
0
0
0
0
0
0
0
0
0
0
0
0
0
0
0
0
0
0
0
0
0
0
0
0
0
0
0
0
0
0
0
0
0
0
0
0
0
0
0
0
0
0
0
0
0
0
0
0
0
0
0
0
0
0
0
0
0
0
0
0
0
0
0
0
0
0
0
0
0
0
0
0
0
0
0
0
0
0
0
0
0
0
0
0
0
0
0
0
0
0
0
0
0
0
0
0
0
0
0
0
0
0
0
0
0
0
0
0
0
0
0
0
0
0
0
0
0
0
0
0
0
0
0
0
0
0
0
0
0
0
0
0
0
0
0
0
0
0
0
0
0
0
0
0
0
0
0
0
0
0
0
0
0
0
0
0
0
0
0
0
0
0
0
0
0
0
0
0
0
0
0
0
0
0
0
0
0
0
0
0
0
0
0
0
0
0
0
0
0
0
0
0
0
0
0
0
0
0
0
0
0
0
0
0
0
0
0
0
0
0
0
0
0
0
0
0
0
0
0
0
0
0
0
0
0
0
0
0
0
0
0
0
0
0
0
0
0
0
0
0
0
0
0
0
0
0
0
0
0
0
0
0
0
0
0
0
0
0
0
0
0
0
0
0
0
0
0
0
0
0
0
0
0
0
0
0
0
0
0
0
0
0
0
0
0
0
0
0
0
0
0
0
0
0
0
0
0
0
0
0
0
0
0
0
0
0
0
0
0
0
0
0
0
0
0
0
0
0
0
0
0
0
0
0
0
0
0
0
0
0
0
0
0
0
0
0
0
0
0
0
0
0
0
0
0
0
0
0
0
0
0
0
0
0
0
0
0
0
0
0
0
0
0
0
0
0
0
0
0
0
0
0
0
0
0
0
0
0
0
0
0
0
0
0
0
0
0
0
0
0
0
0
0
0
0
0
0
0
0
0
0
0
0
0
0
0
0
0
0
0
0
0
0
0
0
0
0
0
0
0
0
0
0
0
0
0
0
0
0
0
0
0
0
0
0
0
0
0
0
0
0
0
0
0
0
0
0
0
0
0
0
0
0
0
0
0
0
0
0
0
0
0
0
0
0
0
0
0
0
0
0
0
0
0
0
0
0
0
0
0
0
0
0
0
0
0
0
0
0
0
0
0
0
0
0
0
0
0
0
0
0
0
0
0
0
0
0
0
0
0
0
0
0
0
0
0
0
0
0
0
0
0
0
0
0
0
0
0
0
0
0
0
0
0
0
0
0
0
0
0
0
0
0
0
0
0
0
0
0
0
0
0
0
0
0
0
0
0
0
0
0
0
0
0
0
0
0
0
0
0
0
0
0
0
0
0
0
0
0
0
0
0
0
0
0
0
0
0
0
0
0
0
0
0
0
0
0
0
0
0
0
0
0
0
0
0
0
0
0
0
0
0
0
0
0
0
0
0
0
0
0
0
0
0
0
0
0
0
0
0
0
0
0
0
0
0
0
0
0
0
0
0
0
0
0
0
0
0
0
0
0
0
0
0
0
0
0
0
0
0
0
0
0
0
0
0
0
0
0
0
0
0
0
0
0
0
0
0
0
0
0
0
0
0
0
0
0
0
0
0
0
0
0
0
0
0
0
0
0
0
0
0
0
0
0
0
0
0
0
0
0
0
0
0
0
0
0
0
0
0
0
0
0
0
0
0
0
0
0
0
0
0
0
0
0
0
0
0
0
0
0
0
0
0
0
0
0
0
0
0
0
0
0
0
0
0
0
0
0
0
0
0
0
0
0
0
0
0
0
0
0
0
0
0
0
0
0
0
0
0
0
0
0
0
0
0
0
0
0
0
0
0
0
0
0
0
0
0
0
0
0
0
0
0
0
0
0
0
0
0
0
0
0
0
0
0
0
0
0
0
0
0
0
0
0
0
0
0
0
0
0
0
0
0
0
0
0
0
0
0
0
0
0
0
0
0
0
0
0
0
0
0
0
0
0
0
0
0
0
0
0
0
0
0
0
0
0
0
0
0
0
0
0
0
0
0
0
0
0
0
0
0
0
0
0
0
0
0
0
0
0
0
0
0
0
0
0
0
0
0
0
0
0
0
0
0
0
0
0
0
0
0
0
0
0
0
0
0
0
0
0
0
0
0
0
0
0
0
0
0
0
0
0
0
0
0
0
0
0
0
0
0
0
0
0
0
0
0
0
0
0
0
0
0
0
0
0
0
0
0
0
0
0
0
0
0
0
0
0
0
0
0
0
0
0
0
0
0
0
0
0
0
0
0
0
0
0
0
0
0
0
0
0
0
0
0
0
0
0
0
0
0
0
0
0
0
0
0
0
0
0
0
0
0
0
0
0
0
0
0
0
0
0
0
0
0
0
0
0
0
0
0
0
0
0
0
0
0
0
0
0
0
0
0
0
0
0
0
0
0
0
0
0
0
0
0
0
0
0
0
0
0
0
0
0
0
0
0
0
0
0
0
0
0
0
0
0
0
0
0
0
0
0
0
0
0
0
0
0
0
0
0
0
0
0
0
0
0
0
0
0
0
0
0
0
0
0
0
0
0
0
0
0
0
0
0
0
0
0
0
0
0
0
0
0
0
0
0
0
0
0
0
0
0
0
0
0
0
0
0
0
0
0
0
0
0
0
0
0
0
0
0
0
0
0
0
0
0
0
0
0
0
0
0
0
0
0
0
0
0
0
0
0
0
0
0
0
0
0
0
0
0
0
0
0
0
0
0
0
0
0
0
0
0
0
0
0
0
0
0
0
0
0
0
0
0
0
0
0
0
0
0
0
0
0
0
0
0
0
0
0
0
0
0
0
0
0
0
0
0
0
0
0
0
0
0
0
0
0
0
0
0
0
0
0
0
0
0
0
0
0
0
0
0
0
0
0
0
0
0
0
0
0
0
0
0
0
0
0
0
0
0
0
0
0
0
0
0
0
0
0
0
0
0
0
0
0
0
0
0
0
0
0
0
0
0
0
0
0
0
0
0
0
0
0
0
0
0
0
0
0
0
0
0
0
0
0
0
0
0
0
0
0
0
0
0
0
0
0
0
0
0
0
0
0
0
0
0
0
0
0
0
0
0
0
0
0
0
0
0
0
0
0
0
0
0
0
0
0
0
0
0
0
0
0
0
0
0
0
0
0
0
0
0
0
0
0
0
0
0
0
0
0
0
0
0
0
0
0
0
0
0
0
0
0
0
0
0
0
0
0
0
0
0
0
0
0
0
0
0
0
0
0
0
0
0
0
0
0
0
0
0
0
0
0
0
0
0
0
0
0
0
0
0
0
0
0
0
0
0
0
0
0
0
0
0
0
0
0
0
0
0
0
0
0
0
0
0
0
0
0
0
0
0
0
0
0
0
0
0
0
0
0
0
0
0
0
0
0
0
0
0
0
0
0
0
0
0
0
0
0
0
0
0
0
0
0
0
0
0
0
0
0
0
0
0
0
0
0
0
0
0
0
0
0
0
0
0
0
0
0
0
0
0
0
0
0
0
0
0
0
0
0
0
0
0
0
0
0
0
0
0
0
0
0
0
0
0
0
0
0
0
0
0
0
0
0
0
0
0
0
0
0
0
0
0
0
0
0
0
0
0
0
0
0
0
0
0
0
0
0
0
0
0
0
0
0
0
0
0
0
0
0
0
0
0
0
0
0
0
0
0
0
0
0
0
0
0
0
0
0
0
0
0
0
0
0
0
0
0
0
0
0
0
0
0
0
0
0
0
0
0
0
0
0
0
0
0
0
0
0
0
0
0
0
0
0
0
0
0
0
0
0
0
0
0
0
0
0
0
0
0
0
0
0
0
0
0
0
0
0
0
0
0
0
0
0
0
0
0
0
0
0
0
0
0
0
0
0
0
0
0
0
0
0
0
0
0
0
0
0
0
0
0
0
0
0
0
0
0
0
0
0
0
0
0
0
0
0
0
0
0
0
0
0
0
0
0
0
0
0
0
0
0
0
0
0
0
0
0
0
0
0
0
0
0
0
0
0
0
0
0
0
0
0
0
0
0
0
0
0
0
0
0
0
0
0
0
0
0
0
0
0
0
0
0
0
0
0
0
0
0
0
0
0
0
0
0
0
0
0
0
0
0
0
0
0
0
0
0
0
0
0
0
0
0
0
0
0
0
0
0
0
0
0
0
0
0
0
0
0
0
0
0
0
0
0
0
0
0
0
0
0
0
0
0
0
0
0
0
0
0
0
0
0
0
0
0
0
0
0
0
0
0
0
0
0
0
0
0
0
0
0
0
0
0
0
0
0
0
0
0
0
0
0
0
0
0
0
0
0
0
0
0
0
0
0
0
0
0
0
0
0
0
0
0
0
0
0
0
0
0
0
0
0
0
0
0
0
0
0
0
0
0
0
0
0
0
0
0
0
0
0
0
0
0
0
0
0
0
0
0
0
0
0
0
0
0
0
0
0
0
0
0
0
0
0
0
0
0
0
0
0
0
0
0
0
0
0
0
0
0
0
0
0
0
0
0
0
0
0
0
0
0
0
0
0
0
0
0
0
0
0
0
0
0
0
0
0
0
0
0
0
0
0
0
0
0
0
0
0
0
0
0
0
0
0
0
0
0
0
0
0
0
0
0
0
0
0
0
0
0
0
0
0
0
0
0
0
0
0
0
0
0
0
0
0
0
0
0
0
0
0
0
0
0
0
0
0
0
0
0
0
0
0
0
0
0
0
0
0
0
0
0
0
0
0
0
0
0
0
0
0
0
0
0
0
0
0
0
0
0
0
0
0
0
0
0
0
0
0
0
0
0
0
0
0
0
0
0
0
0
0
0
0
0
0
0
0
0
0
0
0
0
0
0
0
0
0
0
0
0
0
0
0
0
0
0
0
0
0
0
0
0
0
0
0
0
0
0
0
0
0
0
0
0
0
0
0
0
0
0
0
0
0
0
0
0
0
0
0
0
0
0
0
0
0
0
0
0
0
0
0
0
0
0
0
0
0
0
0
0
0
0
0
0
0
0
0
0
0
0
0
0
0
0
0
0
0
0
0
0
0
0
0
0
0
0
0
0
0
0
0
0
0
0
0
0
0
0
0
0
0
0
0
0
0
0
0
0
0
0
0
0
0
0
0
0
0
0
0
0
0
0
0
0
0
0
0
0
0
0
0
0
0
0
0
0
0
0
0
0
0
0
0
0
0
0
0
0
0
0
0
0
0
0
0
0
0
0
0
0
0
0
0
0
0
0
0
0
0
0
0
0
0
0
0
0
0
0
0
0
0
0
0
0
0
0
0
0
0
0
0
0
0
0
0
0
0
0
0
0
0
0
0
0
0
0
0
0
0
0
0
0
0
0
0
0
0
0
0
0
0
0
0
0
0
0
0
0
0
0
0
0
0
0
0
0
0
0
0
0
0
0
0
0
0
0
0
0
0
0
0
0
0
0
0
0
0
0
0
0
0
0
0
0
0
0
0
0
0
0
0
0
0
0
0
0
0
0
0
0
0
0
0
0
0
0
0
0
0
0
0
0
0
0
0
0
0
0
0
0
0
0
0
0
0
0
0
0
0
0
0
0
0
0
0
0
0
0
0
0
0
0
0
0
0
0
0
0
0
0
0
0
0
0
0
0
0
0
0
0
0
0
0
0
0
0
0
0
0
0
0
0
0
0
0
0
0
0
0
0
0
0
0
0
0
0
0
0
0
0
0
0
0
0
0
0
0
0
0
0
0
0
0
0
0
0
0
0
0
0
0
0
0
0
0
0
0
0
0
0
0
0
0
0
0
0
0
0
0
0
0
0
0
0
0
0
0
0
0
0
0
0
0
0
0
0
0
0
0
0
0
0
0
0
0
0
0
0
0
0
0
0
0
0
0
0
0
0
0
0
0
0
0
0
0
0
0
0
0
0
0
0
0
0
0
0
0
0
0
0
0
0
0
0
0
0
0
0
0
0
0
0
0
0
0
0
0
0
0
0
0
0
0
0
0
0
0
0
0
0
0
0
0
0
0
0
0
0
0
0
0
0
0
0
0
0
0
0
0
0
0
0
0
0
0
0
0
0
0
0
0
0
0
0
0
0
0
0
0
0
0
0
0
0
0
0
0
0
0
0
0
0
0
0
0
0
0
0
0
0
0
0
0
0
0
0
0
0
0
0
0
0
0
0
0
0
0
0
0
0
0
0
0
0
0
0
0
0
0
0
0
0
0
0
0
0
0
0
0
0
0
0
0
0
0
0
0
0
0
0
0
0
0
0
0
0
0
0
0
0
0
0
0
0
0
0
0
0
0
0
0
0
0
0
0
0
0
0
0
0
0
0
0
0
0
0
0
0
0
0
0
0
0
0
0
0
0
0
0
0
0
0
0
0
0
0
0
0
0
0
0
0
0
0
0
0
0
0
0
0
0
0
0
0
0
0
0
0
0
0
0
0
0
0
0
0
0
0
0
0
0
0
0
0
0
0
0
0
0
0
0
0
0
0
0
0
0
0
0
0
0
0
0
0
0
0
0
0
0
0
0
0
0
0
0
0
0
0
0
0
0
0
0
0
0
0
0
0
0
0
0
0
0
0
0
0
0
0
0
0
0
0
0
0
0
0
0
0
0
0
0
0
0
0
0
0
0
0
0
0
0
0
0
0
0
0
0
0
0
0
0
0
0
0
0
0
0
0
0
0
0
0
0
0
0
0
0
0
0
0
0
0
0
0
0
0
0
0
0
0
0
0
0
0
0
0
0
0
0
0
0
0
0
0
0
0
0
0
0
0
0
0
0
0
0
0
0
0
0
0
0
0
0
0
0
0
0
0
0
0
0
0
0
0
0
0
0
0
0
0
0
0
0
0
0
0
0
0
0
0
0
0
0
0
0
0
0
0
0
0
0
0
0
0
0
0
0
0
0
0
0
0
0
0
0
0
0
0
0
0
0
0
0
0
0
0
0
0
0
0
0
0
0
0
0
0
0
0
0
0
0
0
0
0
0
0
0
0
0
0
0
0
0
0
0
0
0
0
0
0
0
0
0
0
0
0
0
0
0
0
0
0
0
0
0
0
0
0
0
0
0
0
0
0
0
0
0
0
0
0
0
0
0
0
0
0
0
0
0
0
0
0
0
0
0
0
0
0
0
0
0
0
0
0
0
0
0
0
0
0
0
0
0
0
0
0
0
0
0
0
0
0
0
0
0
0
0
0
0
0
0
0
0
0
0
0
0
0
0
0
0
0
0
0
0
0
0
0
0
0
0
0
0
0
0
0
0
0
0
0
0
0
0
0
0
0
0
0
0
0
0
0
0
0
0
0
0
0
0
0
0
0
0
0
0
0
0
0
0
0
0
0
0
0
0
0
0
0
0
0
0
0
0
0
0
0
0
0
0
0
0
0
0
0
0
0
0
0
0
0
0
0
0
0
0
0
0
0
0
0
0
0
0
0
0
0
0
0
0
0
0
0
0
0
0
0
0
0
0
0
0
0
0
0
0
0
0
0
0
0
0
0
0
0
0
0
0
0
0
0
0
0
0
0
0
0
0
0
0
0
0
0
0
0
0
0
0
0
0
0
0
0
0
0
0
0
0
0
0
0
0
0
0
0
0
0
0
0
0
0
0
0
0
0
0
0
0
0
0
0
0
0
0
0
0
0
0
0
0
0
0
0
0
0
0
0
0
0
0
0
0
0
0
0
0
0
0
0
0
0
0
0
0
0
0
0
0
0
0
0
0
0
0
0
0
0
0
0
0
0
0
0
0
0
0
0
0
0
0
0
0
0
0
0
0
0
0
0
0
0
0
0
0
0
0
0
0
0
0
0
0
0
0
0
0
0
0
0
0
0
0
0
0
0
0
0
0
0
0
0
0
0
0
0
0
0
0
0
0
0
0
0
0
0
0
0
0
0
0
0
0
0
0
0
0
0
0
0
0
0
0
0
0
0
0
0
0
0
0
0
0
0
0
0
0
0
0
0
0
0
0
0
0
0
0
0
0
0
0
0
0
0
0
0
0
0
0
0
0
0
0
0
0
0
0
0
0
0
0
0
0
0
0
0
0
0
0
0
0
0
0
0
0
0
0
0
0
0
0
0
0
0
0
0
0
0
0
0
0
0
0
0
0
0
0
0
0
0
0
0
0
0
0
0
0
0
0
0
0
0
0
0
0
0
0
0
0
0
0
0
0
0
0
0
0
0
0
0
0
0
0
0
0
0
0
0
0
0
0
0
0
0
0
0
0
0
0
0
0
0
0
0
0
0
0
0
0
0
0
0
0
0
0
0
0
0
0
0
0
0
0
0
0
0
0
0
0
0
0
0
0
0
0
0
0
0
0
0
0
0
0
0
0
0
0
0
0
0
0
0
0
0
0
0
0
0
0
0
0
0
0
0
0
0
0
0
0
0
0
0
0
0
0
0
0
0
0
0
0
0
0
0
0
0
0
0
0
0
0
0
0
0
0
0
0
0
0
0
0
0
0
0
0
0
0
0
0
0
0
0
0
0
0
0
0
0
0
0
0
0
0
0
0
0
0
0
0
0
0
0
0
0
0
0
0
0
0
0
0
0
0
0
0
0
0
0
0
0
0
0
0
0
0
0
0
0
0
0
0
0
0
0
0
0
0
0
0
0
0
0
0
0
0
0
0
0
0
0
0
0
0
0
0
0
0
0
0
0
0
0
0
0
0
0
0
0
0
0
0
0
0
0
0
0
0
0
0
0
0
0
0
0
0
0
0
0
0
0
0
0
0
0
0
0
0
0
0
0
0
0
0
0
0
0
0
0
0
0
0
0
0
0
0
0
0
0
0
0
0
0
0
0
0
0
0
0
0
0
0
0
0
0
0
0
0
0
0
0
0
0
0
0
0
0
0
0
0
0
0
0
0
0
0
0
0
0
0
0
0
0
0
0
0
0
0
0
0
0
0
0
0
0
0
0
0
0
0
0
0
0
0
0
0
0
0
0
0
0
0
0
0
0
0
0
0
0
0
0
0
0
0
0
0
0
0
0
0
0
0
0
0
0
0
0
0
0
0
0
0
0
0
0
0
0
0
0
0
0
0
0
0
0
0
0
0
0
0
0
0
0
0
0
0
0
0
0
0
0
0
0
0
0
0
0
0
0
0
0
0
0
0
0
0
0
0
0
0
0
0
0
0
0
0
0
0
0
0
0
0
0
0
0
0
0
0
0
0
0
0
0
0
0
0
0
0
0
0
0
0
0
0
0
0
0
0
0
0
0
0
0
0
0
0
0
0
0
0
0
0
0
0
0
0
0
0
0
0
0
0
0
0
0
0
0
0
0
0
0
0
0
0
0
0
0
0
0
0
0
0
0
0
0
0
0
0
0
0
0
0
0
0
0
0
0
0
0
0
0
0
0
0
0
0
0
0
0
0
0
0
0
0
0
0
0
0
0
0
0
0
0
0
0
0
0
0
0
0
0
0
0
0
0
0
0
0
0
0
0
0
0
0
0
0
0
0
0
0
0
0
0
0
0
0
0
0
0
0
0
0
0
0
0
0
0
0
0
0
0
0
0
0
0
0
0
0
0
0
0
0
0
0
0
0
0
0
0
0
0
0
0
0
0
0
0
0
0
0
0
0
0
0
0
0
0
0
0
0
0
0
0
0
0
0
0
0
0
0
0
0
0
0
0
0
0
0
0
0
0
0
0
0
0
0
0
0
0
0
0
0
0
0
0
0
0
0
0
0
0
0
0
0
0
0
0
0
0
0
0
0
0
0
0
0
0
0
0
0
0
0
0
0
0
0
0
0
0
0
0
0
0
0
0
0
0
0
0
0
0
0
0
0
0
0
0
0
0
0
0
0
0
0
0
0
0
0
0
0
0
0
0
0
0
0
0
0
0
0
0
0
0
0
0
0
0
0
0
0
0
0
0
0
0
0
0
0
0
0
0
0
0
0
0
0
0
0
0
0
0
0
0
0
0
0
0
0
0
0
0
0
0
0
0
0
0
0
0
0
0
0
0
0
0
0
0
0
0
0
0
0
0
0
0
0
0
0
0
0
0
0
0
0
0
0
0
0
0
0
0
0
0
0
0
0
0
0
0
0
0
0
0
0
0
0
0
0
0
0
0
0
0
0
0
0
0
0
0
0
0
0
0
0
0
0
0
0
0
0
0
0
0
0
0
0
0
0
0
0
0
0
0
0
0
0
0
0
0
0
0
0
0
0
0
0
0
0
0
0
0
0
0
0
0
0
0
0
0
0
0
0
0
0
0
0
0
0
0
0
0
0
0
0
0
0
0
0
0
0
0
0
0
0
0
0
0
0
0
0
0
0
0
0
0
0
0
0
0
0
0
0
0
0
0
0
0
0
0
0
0
0
0
0
0
0
0
0
0
0
0
0
0
0
0
0
0
0
0
0
0
0
0
0
0
0
0
0
0
0
0
0
0
0
0
0
0
0
0
0
0
0
0
0
0
0
0
0
0
0
0
0
0
0
0
0
0
0
0
0
0
0
0
0
0
0
0
0
0
0
0
0
0
0
0
0
0
0
0
0
0
0
0
0
0
0
0
0
0
0
0
0
0
0
0
0
0
0
0
0
0
0
0
0
0
0
0
0
0
0
0
0
0
0
0
0
0
0
0
0
0
0
0
0
0
0
0
0
0
0
0
0
0
0
0
0
0
0
0
0
0
0
0
0
0
0
0
0
0
0
0
0
0
0
0
0
0
0
0
0
0
0
0
0
0
0
0
0
0
0
0
0
0
0
0
0
0
0
0
0
0
0
0
0
0
0
0
0
0
0
0
0
0
0
0
0
0
0
0
0
0
0
0
0
0
0
0
0
0
0
0
0
0
0
0
0
0
0
0
0
0
0
0
0
0
0
0
0
0
0
0
0
0
0
0
0
0
0
0
0
0
0
0
0
0
0
0
0
0
0
0
0
0
0
0
0
0
0
0
0
0
0
0
0
0
0
0
0
0
0
0
0
0
0
0
0
0
0
0
0
0
0
0
0
0
0
0
0
0
0
0
0
0
0
0
0
0
0
0
0
0
0
0
0
0
0
0
0
0
0
0
0
0
0
0
0
0
0
0
0
0
0
0
0
0
0
0
0
0
0
0
0
0
0
0
0
0
0
0
0
0
0
0
0
0
0
0
0
0
0
0
0
0
0
0
0
0
0
0
0
0
0
0
