-1.48617
0
4
0
-1.32835
1
70
0
-1.11036
2
57
0
-0.937559
3
57
0
-1.25131
4
60
0
-1.32522
5
64
0
-0.890943
6
63
0
-0.940603
7
66
0
-0.112701
8
66
0
-0.0667581
9
65
0
0.0494097
10
16
0
-0.913034
11
38
0
-0.962633
12
35
0
-1.0524
13
55
0
-0.97765
14
68
0
-0.449532
15
37
0
-0.973357
16
47
0
-0.519103
17
47
0
0.0447882
18
47
0
-0.175988
19
46
0
-0.0508486
20
19
0
-0.081286
21
70
0
-0.379797
22
44
0
-0.589925
23
43
0
-0.664698
24
41
0
-0.388719
25
41
0
-0.88925
26
36
0
-0.600446
27
35
0
-0.501499
28
35
0
-0.631737
29
35
0
-0.877936
30
7
0
-0.656018
31
61
0
-1.11835
32
32
0
-0.760431
33
28
0
-0.923666
34
52
0
-0.572426
35
52
0
-0.873114
36
49
0
0.66003
37
43
0
1.18505
38
42
0
1.03964
39
42
0
0.11518
40
42
0
-0.474421
41
12
0
-0.826868
42
56
0
-0.86816
43
2
0
-0.382671
44
2
0
-0.022401
45
50
0
0.323577
46
50
0
0.0751949
47
33
0
0.252857
48
33
0
0.324425
49
42
0
-0.112869
50
40
0
-0.17192
51
40
0
-0.782132
52
59
0
-0.501378
53
27
0
-0.271756
54
10
0
-0.76858
55
0
0
-1.08366
56
0
0
-0.444584
57
30
0
-0.324998
58
30
0
0.0919642
59
32
0
0.553895
60
66
0
0.680206
61
66
0
0.248917
62
6
0
0.187973
63
8
0
-0.137642
64
55
0
-0.00813922
65
49
0
-0.791552
66
46
0
-0.151739
67
43
0
-0.248235
68
12
0
-0.189359
69
39
0
0.0567277
70
38
0
-0.431325
71
68
0
-0.634944
72
68
0
-2.24933
0
1
0
-2.7852
1
1
0
-2.24972
2
1
0
-2.14641
3
1
0
-3.21765
4
1
0
-4.15415
5
1
0
-3.3789
6
1
0
-1.96245
7
1
0
-1.61714
8
1
0
-1.41425
9
1
0
-1.88803
10
1
0
-2.37545
11
1
0
-2.77107
12
1
0
-3.36282
13
1
0
-2.76609
14
1
0
-2.22956
15
1
0
-2.38477
16
1
0
-2.34126
17
1
0
-2.54448
18
1
0
-3.24362
19
1
0
-2.92564
20
1
0
-2.82808
21
1
0
-3.64576
22
1
0
-3.13367
23
1
0
-3.09271
24
1
0
-4.06954
25
1
0
-3.41432
26
1
0
-3.16882
27
1
0
-3.32356
28
1
0
-3.12175
29
1
0
-2.74685
30
1
0
-2.44126
31
1
0
-2.78508
32
1
0
-3.74116
33
1
0
-3.20891
34
1
0
-3.05773
35
1
0
-3.83887
36
1
0
-2.72428
37
1
0
-2.75561
38
1
0
-3.41981
39
1
0
-2.12926
40
1
0
-1.56212
41
1
0
-1.56252
42
1
0
-1.25834
43
1
0
-0.438654
44
1
0
-0.534027
45
1
0
-1.56649
46
1
0
-2.02944
47
1
0
-3.19384
48
1
0
-3.45543
49
1
0
-3.49351
50
1
0
-3.3115
51
1
0
-2.5758
52
1
0
-1.68317
53
1
0
-1.11245
54
1
0
-1.58167
55
1
0
-2.08333
56
1
0
-2.10277
57
1
0
-1.66759
58
1
0
-1.99513
59
1
0
-2.64014
60
1
0
-2.06951
61
1
0
-1.37998
62
1
0
-1.44694
63
1
0
-1.68829
64
1
0
-2.20319
65
1
0
-2.60078
66
1
0
-2.09637
67
1
0
-1.92463
68
1
0
-1.69016
69
1
0
-2.0475
70
1
0
-2.4063
71
1
0
-2.18176
72
1
0
-1.98725
0
2
0
-2.20035
1
2
0
-1.81141
2
2
0
-1.99297
3
2
0
-3.12891
4
2
0
-3.63254
5
2
0
-3.26017
6
2
0
-1.96219
7
2
0
-0.6709
8
2
0
-1.02923
9
2
0
-1.64257
10
2
0
-2.17065
11
2
0
-2.74196
12
2
0
-2.96962
13
2
0
-2.48471
14
2
0
-1.6514
15
2
0
-1.52695
16
2
0
-1.58366
17
2
0
-2.24282
18
2
0
-2.56733
19
2
0
-1.75278
20
2
0
-2.14518
21
2
0
-3.72903
22
2
0
-3.32272
23
2
0
-3.07164
24
2
0
-3.66296
25
2
0
-2.93686
26
2
0
-3.71834
27
2
0
-3.73045
28
2
0
-3.11327
29
2
0
-2.73761
30
2
0
-2.61549
31
2
0
-2.68588
32
2
0
-3.11827
33
2
0
-2.79841
34
2
0
-3.32192
35
2
0
-3.59511
36
2
0
-3.12375
37
2
0
-3.21435
38
2
0
-3.37923
39
2
0
-1.99442
40
2
0
-2.03465
41
2
0
-1.57101
42
2
0
-0.86816
43
2
0
-0.382671
44
2
0
-0.70899
45
2
0
-1.49463
46
2
0
-1.88307
47
2
0
-3.35381
48
2
0
-3.38282
49
2
0
-3.61678
50
2
0
-3.3903
51
2
0
-2.54177
52
2
0
-1.49842
53
2
0
-1.57664
54
2
0
-2.85213
55
2
0
-3.13906
56
2
0
-2.66613
57
2
0
-2.19406
58
2
0
-1.56757
59
2
0
-2.07642
60
2
0
-1.92047
61
2
0
-1.69563
62
2
0
-2.0206
63
2
0
-2.16137
64
2
0
-2.07893
65
2
0
-2.43893
66
2
0
-2.44752
67
2
0
-2.49655
68
2
0
-2.65205
69
2
0
-2.23355
70
2
0
-1.74897
71
2
0
-1.53126
72
2
0
-1.56309
0
3
0
-1.42036
1
3
0
-1.26866
2
3
0
-1.90195
3
3
0
-3.11628
4
3
0
-3.2873
5
3
0
-2.81476
6
3
0
-2.10621
7
3
0
-1.17719
8
3
0
-1.27837
9
3
0
-1.99219
10
3
0
-2.39523
11
3
0
-2.77721
12
3
0
-2.25973
13
3
0
-2.01293
14
3
0
-1.59483
15
3
0
-1.45863
16
3
0
-1.32493
17
3
0
-2.1995
18
3
0
-2.59632
19
3
0
-2.34316
20
3
0
-2.73842
21
3
0
-3.25708
22
3
0
-2.75489
23
3
0
-2.4842
24
3
0
-2.70092
25
3
0
-2.32089
26
3
0
-2.97067
27
3
0
-3.27198
28
3
0
-2.96352
29
3
0
-2.42148
30
3
0
-2.71675
31
3
0
-2.50463
32
3
0
-2.89947
33
3
0
-2.58847
34
3
0
-2.27824
35
3
0
-2.40422
36
3
0
-2.61414
37
3
0
-3.09173
38
3
0
-3.27728
39
3
0
-2.7747
40
3
0
-2.39853
41
3
0
-1.69352
42
3
0
-1.48269
43
3
0
-1.09689
44
3
0
-1.03004
45
3
0
-1.43684
46
3
0
-2.07521
47
3
0
-3.04194
48
3
0
-2.94489
49
3
0
-3.56712
50
3
0
-3.57293
51
3
0
-2.80459
52
3
0
-1.59148
53
3
0
-1.50402
54
3
0
-2.8836
55
3
0
-3.20411
56
3
0
-2.53622
57
3
0
-2.50282
58
3
0
-1.6255
59
3
0
-1.24747
60
3
0
-1.51879
61
3
0
-1.9586
62
3
0
-2.30925
63
3
0
-1.7763
64
3
0
-1.64149
65
3
0
-1.88307
66
3
0
-2.18105
67
3
0
-2.53996
68
3
0
-2.5713
69
3
0
-1.9476
70
3
0
-1.09696
71
3
0
-0.9744
72
3
0
-1.48617
0
4
0
-1.68515
1
4
0
-1.67322
2
4
0
-2.06755
3
4
0
-3.08574
4
4
0
-3.43465
5
4
0
-3.1093
6
4
0
-2.33097
7
4
0
-2.0794
8
4
0
-2.1765
9
4
0
-2.55507
10
4
0
-3.06824
11
4
0
-3.31332
12
4
0
-3.17505
13
4
0
-2.80656
14
4
0
-2.33238
15
4
0
-2.17141
16
4
0
-2.12468
17
4
0
-2.50617
18
4
0
-3.45815
19
4
0
-3.39916
20
4
0
-3.06046
21
4
0
-2.93027
22
4
0
-2.73462
23
4
0
-2.80254
24
4
0
-3.25818
25
4
0
-3.12212
26
4
0
-2.95906
27
4
0
-3.23079
28
4
0
-2.80433
29
4
0
-2.48572
30
4
0
-2.59543
31
4
0
-2.69223
32
4
0
-2.38068
33
4
0
-1.95437
34
4
0
-1.2958
35
4
0
-1.82362
36
4
0
-2.85223
37
4
0
-3.06102
38
4
0
-3.2522
39
4
0
-3.34146
40
4
0
2.98477e-43
0
0
0
0
0
0
0
0
0
0
0
0
0
0
0
0
0
0
0
0
0
0
0
0
0
0
0
0
0
0
0
0
0
0
0
0
0
0
0
0
0
0
0
0
0
0
0
0
0
0
0
0
0
0
0
0
0
0
0
0
0
0
0
0
0
0
0
0
0
0
0
0
0
0
0
0
0
0
0
0
0
0
0
0
0
0
0
0
0
0
0
0
0
0
0
0
0
0
0
0
0
0
0
0
0
0
0
0
0
0
0
0
0
0
0
0
0
0
0
0
0
0
0
0
0
0
0
0
0
0
0
0
0
0
0
0
0
0
0
0
0
0
0
0
0
0
0
0
0
0
0
0
0
0
0
0
0
0
0
0
0
0
0
0
0
0
0
0
0
0
0
0
0
0
0
0
0
0
0
0
0
0
0
0
0
0
0
0
0
0
0
0
0
0
0
0
0
0
0
0
0
0
0
0
0
0
0
0
0
0
0
0
0
0
0
0
0
0
0
0
0
0
0
0
0
0
0
0
0
0
0
0
0
0
0
0
0
0
0
0
0
0
0
0
0
0
0
0
0
0
0
0
0
0
0
0
0
0
0
0
0
0
0
0
0
0
0
0
0
0
0
0
0
0
0
0
0
0
0
0
0
0
0
0
0
0
0
0
0
0
0
0
0
0
0
0
0
0
0
0
0
0
0
0
0
0
0
0
0
0
0
0
0
0
0
0
0
0
0
0
0
0
0
0
0
0
0
0
0
0
0
0
0
0
0
0
0
0
0
0
0
0
0
0
0
0
0
0
0
0
0
0
0
0
0
0
0
0
0
0
0
0
0
0
0
0
0
0
0
0
0
0
0
0
0
0
0
0
0
0
0
0
0
0
0
0
0
0
0
0
0
0
0
0
0
0
0
0
0
0
0
0
0
0
0
0
0
0
0
0
0
0
0
0
0
0
0
0
0
0
0
0
0
0
0
0
0
0
0
0
0
0
0
0
0
0
0
0
0
0
0
0
0
0
0
0
0
0
0
0
0
0
0
0
0
0
0
0
0
0
0
0
0
0
0
0
0
0
0
0
0
0
0
0
0
0
0
0
0
0
0
0
0
0
0
0
0
0
0
0
0
0
0
0
0
0
0
0
0
0
0
0
0
0
0
0
0
0
0
0
0
0
0
0
0
0
0
0
0
0
0
0
0
0
0
0
0
0
0
0
0
0
0
0
0
0
0
0
0
0
0
0
0
0
0
0
0
0
0
0
0
0
0
0
0
0
0
0
0
0
0
0
0
0
0
0
0
0
0
0
0
0
0
0
0
0
0
0
0
0
0
0
0
0
0
0
0
0
0
0
0
0
0
0
0
0
0
0
0
0
0
0
0
0
0
0
0
0
0
0
0
0
0
0
0
0
0
0
0
0
0
0
0
0
0
0
0
0
0
0
0
0
0
0
0
0
0
0
0
0
0
0
0
0
0
0
0
0
0
0
0
0
0
0
0
0
0
0
0
0
0
0
0
0
0
0
0
0
0
0
0
0
0
0
0
0
0
0
0
0
0
0
0
0
0
0
0
0
0
0
0
0
0
0
0
0
0
0
0
0
0
0
0
0
0
0
0
0
0
0
0
0
0
0
0
0
0
0
0
0
0
0
0
0
0
0
0
0
0
0
0
0
0
0
0
0
0
0
0
0
0
0
0
0
0
0
0
0
0
0
0
0
0
0
0
0
0
0
0
0
0
0
0
0
0
0
0
0
0
0
0
0
0
0
0
0
0
0
0
0
0
0
0
0
0
0
0
0
0
0
0
0
0
0
0
0
0
0
0
0
0
0
0
0
0
0
0
0
0
0
0
0
0
0
0
0
0
0
0
0
0
0
0
0
0
0
0
0
0
0
0
0
0
0
0
0
0
0
0
0
0
0
0
0
0
0
0
0
0
0
0
0
0
0
0
0
0
0
0
0
0
0
0
0
0
0
0
0
0
0
0
0
0
0
0
0
0
0
0
0
0
0
0
0
0
0
0
0
0
0
0
0
0
0
0
0
0
0
0
0
0
0
0
0
0
0
0
0
0
0
0
0
0
0
0
0
0
0
0
0
0
0
0
0
0
0
0
0
0
0
0
0
0
0
0
0
0
0
0
0
0
0
0
0
0
0
0
0
0
0
0
0
0
0
0
0
0
0
0
0
0
0
0
0
0
0
0
0
0
0
0
0
0
0
0
0
0
0
0
0
0
0
0
0
0
0
0
0
0
0
0
0
0
0
0
0
0
0
0
0
0
0
0
0
0
0
0
0
0
0
0
0
0
0
0
0
0
0
0
0
0
0
0
0
0
0
0
0
0
0
0
0
0
0
0
0
0
0
0
0
0
0
0
0
0
0
0
0
0
0
0
0
0
0
0
0
0
0
0
0
0
0
0
0
0
0
0
0
0
0
0
0
0
0
0
0
0
0
0
0
0
0
0
0
0
0
0
0
0
0
0
0
0
0
0
0
0
0
0
0
0
0
0
0
0
0
0
0
0
0
0
0
0
0
0
0
0
0
0
0
0
0
0
0
0
0
0
0
0
0
0
0
0
0
0
0
0
0
0
0
0
0
0
0
0
0
0
0
0
0
0
0
0
0
0
0
0
0
0
0
0
0
0
0
0
0
0
0
0
0
0
0
0
0
0
0
0
0
0
0
0
0
0
0
0
0
0
0
0
0
0
0
0
0
0
0
0
0
0
0
0
0
0
0
0
0
0
0
0
0
0
0
0
0
0
0
0
0
0
0
0
0
0
0
0
0
0
0
0
0
0
0
0
0
0
0
0
0
0
0
0
0
0
0
0
0
0
0
0
0
0
0
0
0
0
0
0
0
0
0
0
0
0
0
0
0
0
0
0
0
0
0
0
0
0
0
0
0
0
0
0
0
0
0
0
0
0
0
0
0
0
0
0
0
0
0
0
0
0
0
0
0
0
0
0
0
0
0
0
0
0
0
0
0
0
0
0
0
0
0
0
0
0
0
0
0
0
0
0
0
0
0
0
0
0
0
0
0
0
0
0
0
0
0
0
0
0
0
0
0
0
0
0
0
0
0
0
0
0
0
0
0
0
0
0
0
0
0
0
0
0
0
0
0
0
0
0
0
0
0
0
0
0
0
0
0
0
0
0
0
0
0
0
0
0
0
0
0
0
0
0
0
0
0
0
0
0
0
0
0
0
0
0
0
0
0
0
0
0
0
0
0
0
0
0
0
0
0
0
0
0
0
0
0
0
0
0
0
0
0
0
0
0
0
0
0
0
0
0
0
0
0
0
0
0
0
0
0
0
0
0
0
0
0
0
0
0
0
0
0
0
0
0
0
0
0
0
0
0
0
0
0
0
0
0
0
0
0
0
0
0
0
0
0
0
0
0
0
0
0
0
0
0
0
0
0
0
0
0
0
0
0
0
0
0
0
0
0
0
0
0
0
0
0
0
0
0
0
0
0
0
0
0
0
0
0
0
0
0
0
0
0
0
0
0
0
0
0
0
0
0
0
0
0
0
0
0
0
0
0
0
0
0
0
0
0
0
0
0
0
0
0
0
0
0
0
0
0
0
0
0
0
0
0
0
0
0
0
0
0
0
0
0
0
0
0
0
0
0
0
0
0
0
0
0
0
0
0
0
0
0
0
0
0
0
0
0
0
0
0
0
0
0
0
0
0
0
0
0
0
0
0
0
0
0
0
0
0
0
0
0
0
0
0
0
0
0
0
0
0
0
0
0
0
0
0
0
0
0
0
0
0
0
0
0
0
0
0
0
0
0
0
0
0
0
0
0
0
0
0
0
0
0
0
0
0
0
0
0
0
0
0
0
0
0
0
0
0
0
0
0
0
0
0
0
0
0
0
0
0
0
0
0
0
0
0
0
0
0
0
0
0
0
0
0
0
0
0
0
0
0
0
0
0
0
0
0
0
0
0
0
0
0
0
0
0
0
0
0
0
0
0
0
0
0
0
0
0
0
0
0
0
0
0
0
0
0
0
0
0
0
0
0
0
0
0
0
0
0
0
0
0
0
0
0
0
0
0
0
0
0
0
0
0
0
0
0
0
0
0
0
0
0
0
0
0
0
0
0
0
0
0
0
0
0
0
0
0
0
0
0
0
0
0
0
0
0
0
0
0
0
0
0
0
0
0
0
0
0
0
0
0
0
0
0
0
0
0
0
0
0
0
0
0
0
0
0
0
0
0
0
0
0
0
0
0
0
0
0
0
0
0
0
0
0
0
0
0
0
0
0
0
0
0
0
0
0
0
0
0
0
0
0
0
0
0
0
0
0
0
0
0
0
0
0
0
0
0
0
0
0
0
0
0
0
0
0
0
0
0
0
0
0
0
0
0
0
0
0
0
0
0
0
0
0
0
0
0
0
0
0
0
0
0
0
0
0
0
0
0
0
0
0
0
0
0
0
0
0
0
0
0
0
0
0
0
0
0
0
0
0
0
0
0
0
0
0
0
0
0
0
0
0
0
0
0
0
0
0
0
0
0
0
0
0
0
0
0
0
0
0
0
0
0
0
0
0
0
0
0
0
0
0
0
0
0
0
0
0
0
0
0
0
0
0
0
0
0
0
0
0
0
0
0
0
0
0
0
0
0
0
0
0
0
0
0
0
0
0
0
0
0
0
0
0
0
0
0
0
0
0
0
0
0
0
0
0
0
0
0
0
0
0
0
0
0
0
0
0
0
0
0
0
0
0
0
0
0
0
0
0
0
0
0
0
0
0
0
0
0
0
0
0
0
0
0
0
0
0
0
0
0
0
0
0
0
0
0
0
0
0
0
0
0
0
0
0
0
0
0
0
0
0
0
0
0
0
0
0
0
0
0
0
0
0
0
0
0
0
0
0
0
0
0
0
0
0
0
0
0
0
0
0
0
0
0
0
0
0
0
0
0
0
0
0
0
0
0
0
0
0
0
0
0
0
0
0
0
0
0
0
0
0
0
0
0
0
0
0
0
0
0
0
0
0
0
0
0
0
0
0
0
0
0
0
0
0
0
0
0
0
0
0
0
0
0
0
0
0
0
0
0
0
0
0
0
0
0
0
0
0
0
0
0
0
0
0
0
0
0
0
0
0
0
0
0
0
0
0
0
0
0
0
0
0
0
0
0
0
0
0
0
0
0
0
0
0
0
0
0
0
0
0
0
0
0
0
0
0
0
0
0
0
0
0
0
0
0
0
0
0
0
0
0
0
0
0
0
0
0
0
0
0
0
0
0
0
0
0
0
0
0
0
0
0
0
0
0
0
0
0
0
0
0
0
0
0
0
0
0
0
0
0
0
0
0
0
0
0
0
0
0
0
0
0
0
0
0
0
0
0
0
0
0
0
0
0
0
0
0
0
0
0
0
0
0
0
0
0
0
0
0
0
0
0
0
0
0
0
0
0
0
0
0
0
0
0
0
0
0
0
0
0
0
0
0
0
0
0
0
0
0
0
0
0
0
0
0
0
0
0
0
0
0
0
0
0
0
0
0
0
0
0
0
0
0
0
0
0
0
0
0
0
0
0
0
0
0
0
0
0
0
0
0
0
0
0
0
0
0
0
0
0
0
0
0
0
0
0
0
0
0
0
0
0
0
0
0
0
0
0
0
0
0
0
0
0
0
0
0
0
0
0
0
0
0
0
0
0
0
0
0
0
0
0
0
0
0
0
0
0
0
0
0
0
0
0
0
0
0
0
0
0
0
0
0
0
0
0
0
0
0
0
0
0
0
0
0
0
0
0
0
0
0
0
0
0
0
0
0
0
0
0
0
0
0
0
0
0
0
0
0
0
0
0
0
0
0
0
0
0
0
0
0
0
0
0
0
0
0
0
0
0
0
0
0
0
0
0
0
0
0
0
0
0
0
0
0
0
0
0
0
0
0
0
0
0
0
0
0
0
0
0
0
0
0
0
0
0
0
0
0
0
0
0
0
0
0
0
0
0
0
0
0
0
0
0
0
0
0
0
0
0
0
0
0
0
0
0
0
0
0
0
0
0
0
0
0
0
0
0
0
0
0
0
0
0
0
0
0
0
0
0
0
0
0
0
0
0
0
0
0
0
0
0
0
0
0
0
0
0
0
0
0
0
0
0
0
0
0
0
0
0
0
0
0
0
0
0
0
0
0
0
0
0
0
0
0
0
0
0
0
0
0
0
0
0
0
0
0
0
0
0
0
0
0
0
0
0
0
0
0
0
0
0
0
0
0
0
0
0
0
0
0
0
0
0
0
0
0
0
0
0
0
0
0
0
0
0
0
0
0
0
0
0
0
0
0
0
0
0
0
0
0
0
0
0
0
0
0
0
0
0
0
0
0
0
0
0
0
0
0
0
0
0
0
0
0
0
0
0
0
0
0
0
0
0
0
0
0
0
0
0
0
0
0
0
0
0
0
0
0
0
0
0
0
0
0
0
0
0
0
0
0
0
0
0
0
0
0
0
0
0
0
0
0
0
0
0
0
0
0
0
0
0
0
0
0
0
0
0
0
0
0
0
0
0
0
0
0
0
0
0
0
0
0
0
0
0
0
0
0
0
0
0
0
0
0
0
0
0
0
0
0
0
0
0
0
0
0
0
0
0
0
0
0
0
0
0
0
0
0
0
0
0
0
0
0
0
0
0
0
0
0
0
0
0
0
0
0
0
0
0
0
0
0
0
0
0
0
0
0
0
0
0
0
0
0
0
0
0
0
0
0
0
0
0
0
0
0
0
0
0
0
0
0
0
0
0
0
0
0
0
0
0
0
0
0
0
0
0
0
0
0
0
0
0
0
0
0
0
0
0
0
0
0
0
0
0
0
0
0
0
0
0
0
0
0
0
0
0
0
0
0
0
0
0
0
0
0
0
0
0
0
0
0
0
0
0
0
0
0
0
0
0
0
0
0
0
0
0
0
0
0
0
0
0
0
0
0
0
0
0
0
0
0
0
0
0
0
0
0
0
0
0
0
0
0
0
0
0
0
0
0
0
0
0
0
0
0
0
0
0
0
0
0
0
0
0
0
0
0
0
0
0
0
0
0
0
0
0
0
0
0
0
0
0
0
0
0
0
0
0
0
0
0
0
0
0
0
0
0
0
0
0
0
0
0
0
0
0
0
0
0
0
0
0
0
0
0
0
0
0
0
0
0
0
0
0
0
0
0
0
0
0
0
0
0
0
0
0
0
0
0
0
0
0
0
0
0
0
0
0
0
0
0
0
0
0
0
0
0
0
0
0
0
0
0
0
0
0
0
0
0
0
0
0
0
0
0
0
0
0
0
0
0
0
0
0
0
0
0
0
0
0
0
0
0
0
0
0
0
0
0
0
0
0
0
0
0
0
0
0
0
0
0
0
0
0
0
0
0
0
0
0
0
0
0
0
0
0
0
0
0
0
0
0
0
0
0
0
0
0
0
0
0
0
0
0
0
0
0
0
0
0
0
0
0
0
0
0
0
0
0
0
0
0
0
0
0
0
0
0
0
0
0
0
0
0
0
0
0
0
0
0
0
0
0
0
0
0
0
0
0
0
0
0
0
0
0
0
0
0
0
0
0
0
0
0
0
0
0
0
0
0
0
0
0
0
0
0
0
0
0
0
0
0
0
0
0
0
0
0
0
0
0
0
0
0
0
0
0
0
0
0
0
0
0
0
0
0
0
0
0
0
0
0
0
0
0
0
0
0
0
0
0
0
0
0
0
0
0
0
0
0
0
0
0
0
0
0
0
0
0
0
0
0
0
0
0
0
0
0
0
0
0
0
0
0
0
0
0
0
0
0
0
0
0
0
0
0
0
0
0
0
0
0
0
0
0
0
0
0
0
0
0
0
0
0
0
0
0
0
0
0
0
0
0
0
0
0
0
0
0
0
0
0
0
0
0
0
0
0
0
0
0
0
0
0
0
0
0
0
0
0
0
0
0
0
0
0
0
0
0
0
0
0
0
0
0
0
0
0
0
0
0
0
0
0
0
0
0
0
0
0
0
0
0
0
0
0
0
0
0
0
0
0
0
0
0
0
0
0
0
0
0
0
0
0
0
0
0
0
0
0
0
0
0
0
0
0
0
0
0
0
0
0
0
0
0
0
0
0
0
0
0
0
0
0
0
0
0
0
0
0
0
0
0
0
0
0
0
0
0
0
0
0
0
0
0
0
0
0
0
0
0
0
0
0
0
0
0
0
0
0
0
0
0
0
0
0
0
0
0
0
0
0
0
0
0
0
0
0
0
0
0
0
0
0
0
0
0
0
0
0
0
0
0
0
0
0
0
0
0
0
0
0
0
0
0
0
0
0
0
0
0
0
0
0
0
0
0
0
0
0
0
0
0
0
0
0
0
0
0
0
0
0
0
0
0
0
0
0
0
0
0
0
0
0
0
0
0
0
0
0
0
0
0
0
0
0
0
0
0
0
0
0
0
0
0
0
0
0
0
0
0
0
0
0
0
0
0
0
0
0
0
0
0
0
0
0
0
0
0
0
0
0
0
0
0
0
0
0
0
0
0
0
0
0
0
0
0
0
0
0
0
0
0
0
0
0
0
0
0
0
0
0
0
0
0
0
0
0
0
0
0
0
0
0
0
0
0
0
0
0
0
0
0
0
0
0
0
0
0
0
0
0
0
0
0
0
0
0
0
0
0
0
0
0
0
0
0
0
0
0
0
0
0
0
0
0
0
0
0
0
0
0
0
0
0
0
0
0
0
0
0
0
0
0
0
0
0
0
0
0
0
0
0
0
0
0
0
0
0
0
0
0
0
0
0
0
0
0
0
0
0
0
0
0
0
0
0
0
0
0
0
0
0
0
0
0
0
0
0
0
0
0
0
0
0
0
0
0
0
0
0
0
0
0
0
0
0
0
0
0
0
-2
0
-2
0
0
0
0
0
0
0
0
0
0
0
0
0
0
0
0
0
0
0
0
0
0
0
0
0
0
0
0
0
0
0
0
0
0
0
0
0
0
0
0
0
0
0
0
0
0
0
0
0
0
0
0
0
0
0
0
0
0
0
0
0
0
0
0
0
0
0
0
0
0
0
0
0
0
0
0
0
